00 09 04 00 21  00 07 19 00 00  16 05 00 14 12  00 25 01 00 00  00 17 00 02 00  
17 00 02 00 00  00 15 00 00 00  00 00 00 00 00  10 13 14 00 11  16 00 07 00 22  
10 00 05 00 00  18 16 09 00 00  21 15 00 00 00  00 17 00 03 04  06 24 08 00 00  
00 13 01 12 00  25 00 00 00 02  00 00 09 00 04  08 00 00 19 20  00 00 05 15 00  
16 11 06 00 19  00 00 08 00 21  24 17 23 00 00  00 07 02 05 00  01 12 00 04 25  

15 25 00 18 03  00 22 21 00 00  00 00 06 01 00  16 00 13 00 10  14 23 00 00 00  
12 00 00 00 00  00 01 02 05 00  23 20 00 00 00  00 00 00 00 00  18 00 19 00 00  
00 00 00 11 00  12 00 23 04 00  22 00 16 21 00  00 00 00 14 00  00 00 15 06 00  
00 00 00 09 07  00 20 00 18 00  00 04 10 05 00  19 00 23 00 08  00 00 00 00 00  
00 00 00 21 00  00 00 10 06 13  00 00 00 18 00  00 05 03 04 00  00 00 01 11 09  

07 00 00 05 00  00 21 00 00 00  00 06 19 20 23  13 15 08 00 00  25 00 00 00 04  
00 00 25 00 00  00 08 00 15 01  12 00 18 00 17  24 04 06 00 21  11 16 00 00 00  
00 03 15 08 00  16 04 00 00 00  00 00 01 00 00  00 00 00 11 18  00 19 10 22 00  
00 00 00 24 11  05 00 14 07 20  15 00 04 00 13  01 19 00 25 00  00 00 06 00 00  
23 00 00 00 09  00 00 18 12 19  08 24 14 11 00  00 00 00 10 00  00 13 00 00 15  

22 20 19 00 00  00 02 07 25 00  00 14 00 00 00  11 01 17 00 00  00 08 00 00 00  
00 00 00 00 00  01 00 04 00 16  00 25 15 23 00  00 08 00 13 00  24 20 00 00 00  
00 05 10 00 00  00 12 00 00 00  00 18 17 00 01  00 16 19 00 24  00 21 00 00 00  
00 00 21 00 13  00 00 00 00 00  00 00 00 12 24  00 09 10 18 00  00 00 00 00 17  
00 00 00 23 01  11 00 05 00 17  00 02 13 00 00  00 00 21 06 00  09 14 00 10 07  

06 21 00 07 25  00 03 22 19 00  00 00 24 15 20  12 00 05 00 00  17 00 18 00 00  
00 17 12 00 00  20 05 00 00 23  07 00 22 00 00  02 00 00 00 19  00 06 25 24 00  
00 00 13 19 15  21 25 00 11 00  00 00 00 09 06  00 00 04 08 01  00 00 23 00 16  
04 00 03 00 18  14 00 15 09 12  00 00 00 00 00  00 00 00 22 00  00 00 20 00 10  
00 24 00 01 00  00 00 06 13 00  25 08 00 19 18  00 00 11 20 00  12 00 22 21 00 

